57 160 132
32 191 92
99 195 83
98 212 104
50 158 131
16 176 117
67 158 95
74 205 55
29 242 132
41 102 62
66 201 124
12 214 109
86 239 32
50 108 58
86 244 119
32 216 87
96 215 71
98 145 93
46 221 70
52 139 128
34 154 128
66 134 88
13 129 99
76 179 77
89 218 75
76 204 128
17 240 64
65 243 65
29 175 133
21 174 108
51 194 69
52 162 38
10 109 99
78 197 124
48 173 41
29 175 91
96 235 63
95 166 83
27 220 131
31 171 125
81 184 44
81 243 119
16 111 59
95 247 33
96 229 115
90 233 72
80 205 66
38 234 43
67 202 58
25 247 62